556 &mim

End 0111 010010 5110011 111 Botion, gehe 0111 0011 0000111 01111011 50101115, 111
1111111 010 0001108050111 10111 10 0100001105110101100. 805110 0105 1110111, 011
Schnur 0010111105011, 00011 00 0011100001 010511, 11011 011111οι00 11050 10005111
1101111 0501 J'e 1011011 53050 1100100501 1101000,101111010011 101001 ιιι 0101-
1101110111,1100011111050001 01011100, sodoch, 00101050500005 10 01101
01010500(5105010100111105010105110500,00110 101001010501,]’0 veniger 111
0111110001.

80111 010 8051101101 100 8051105 laum 1011050 0010001 01000 11100ςο,
001 0110 001 011100 8011100 5050 00, 0011001 0000111 45, 0011001 01111011 55,
00 11111111 111051 10051 011111 101 1ngh 11ιο 5111110 Schuch 101001 0101011001.
0101110 ιι 010 110019 501101, 1111011105 0111 30, 40, 50, dt 11111111 10500 800
811105 101001 einfangen, jedes 0111011 80511011 lang 1110 51111. 0100110 000
5111100111 recht, 00011105 0110 40,Ι 40, 40,00101510111101151010111 008 805005.
10110050101001011 1101005011, 11ιο 101050 seyen 01111105 1001000505 von 1110101
10051010050110011 1110001110, 01011111 0011011311011 8011100 50 einander 110501,
1111111 1101110 50111105 0108115001 1100 10010 1 8011100 10, 30, 115, 45, 01 ,
5010510001011 150. 010000 00 501101, 01015051005111100511111003000011101
010105, 011 00, 40, 00, 40, 0011015ςο1101800. 5000510005 01010501, 1111105-
1105 05, 85, 05, 55, 00 1111110 815 0101110000. 510051001010105, 010 80, 1

⁴ · 50, 50. 90, 001111 111ιο1 0101010 900. 0000 050101011105015110011011, ¹

0011110 01051 010105 511500, 10110010 0011011 001 11011103 1111100 010 11001100,
mitten durch 1011 01111 1100111500 11051010 0000111 0005 80, ιο 1101100010 1οι
000111011110051001111 719, 0110 1005 bey 05, 115, 05, 35, 1101111010 figur
1105 001001, 0011 010 01100 11111051ος0 (1110301111) einander 1ος10105 100 001
1010010501111, so 5050101111 101011 vorige 815 nur 810. Gehe 1101101,
10110051 1011 dem 1110110011 mn 001010100000, 0110 00111000801100 04 50·
11010010, 0010010001111 101100 991. 511100080051005, 00 jede 8011100 00
, 50101101011108910101010. Μ11 0010 11051005, 00 1000801100 15 511,
11010111 1080 100 1010111111.

00011105 1111111 010 Scimus 1001 01101101 11111, 1101510001 110 1145,100
10011011 111 1101001101 11ομ 1111110 110 111051 einsangen 1111000115 111101 Dido
0001011050150500, 00010 von 000 5101115ιηί010 10111 500001 101101, 0111010
11111 111101 0051005001 50100011 1111100.

1110 1111111105 0501 100 11105 0011101010 0110 1151001150οἲ noy, 50110
0011 01505011 101000000 5001011010 1001005001 110011 00 011 0050115 oder
Widen gnug 5011011, 010 001500 0115100001 ιο 5011111110 01101 801ιο0 zusam-
1000 10010005 grosse 01111500, daun 00 0100011 510110110115000050110110
01000 0110511, 011 11000 110 10 111011 0110501 ’1011501110111000 5110 110011
0101010501Ηο1511 11111 11100100 501 1110111 151101 0001 ’1101010 gaug, 00.
10500 010 0010011105 50100, 0011110 010 ’10010111 0105110 5101000 1511101
1011050110100, 001100 ,1111101 01011010110110105011. 50 10500111 0011 010 001-
5011 1110111 5100500, 11100 0001 springs 11051 00101111 1110 5010511510 110 01051
10111, 00011 11010100 tund gebundem 1101111 011110 110 010050111011110111111
001 1111000113 0101 0510111000 0110501111011101111001010010110111001, 101111 0110
springen, wess· 001 001500 111111 111101. 0111 111 0110110111 11100510 01111,
1101111115 0101101110,1000011105 010 1100011101οι, 1011 vollen 11111010 wangon,
1005010110110111011100,1101111 11100110 01111 010111011ιο 11011001.

1101 den 8111105 1011 0000001100 1ιο gemm ’.011 ligt vil 50105001·
1101101 11111 dem 11110511, 0000 01111 0118000110 1111105 0005 ιι 1011501 81010
111051 11111011 1011011,·1111101111101 abgediiwet, ιι 0150511 1105 0151005011 100

 

