wein-visier·ssueh10in. 4³9

† 111111111511111111018. θ1111111111.10101111111113; 1111111111010101

j 10113111111111, 11111181οΝ,111111111110 von 111118111111110, 111100 ΜΝ.
, 31310 1111 11111111 11101111 Sl), 111 31311 Τ, 31010111 (111κ 01111111 1100
, 101111 1111101118111111111, 111 11 110 111311 11111 11111111 80101 TI),
. an 11111111111111 11111 111Μ1111 zum 111111111111110110111001111111 1111113.

Ζ111 Exempel, 10 sey 111 1111311131 111 01110111 011101131111 311111101011

’ 11111111, 11111111 200000, 11111 111 11111111 1111111111111 101111100011118 1011

dem centro 11110011110, also dass YGS, 1111 11110 3111111111, 111-12, 111 GTS 14,

’ dinem 1111 111 0111111111 1113111111 101111311111111011 811111111111118 10 31011,
³⁴ dass 111111111011111111 011101, 011111 Βο1111111 21051. 8011111101, 1111
ῑ Wellen 111 11111 1111 10 1011 11111111,1011110 1111101011, 1111113 1119111111111
111 00111111, 111 1111121951 111111111111111111111 1101100111] 11111 111 111311 .

11111111 11111 diameter 1111120000οκ Such 1111111 10111111011111 1111 111
1311111, 111111111111111 311111111111111, 111 111412911111111011 10 Ζ111111.
80 31011 111 111 111 81111 111( Τ8 ⁸

Ferners 111 11111 3111111111 1101111, 111 Η111Τ8 111 311111 1111 1011 31111111(-
111 01111111,111111111111111111111111οΤ, 111111011011111111Η11111110111Τ1(

“ demJenigen 1111311111111111 01111111 311111 3111111 1111111,111111111111111111111111 ,
- 01110111Ρο. 1110111111111111111Ο11ο11,111110111121051,11111111111Ρο“

s· 11191111,111 111111111111 ich 1111 111 12 111111Ι 11 111 0111111111 1111 31111111
.” (11111111111111111111115111111Ζ10111101103,111111111111111111110111111111111 ,
,Α 11110110011111111,111111111111111111111111Ρο,11111111112901, 1011131111111

(111Η1111110111Τ11111111.1111 11110011111111 1111111211111 dise 1111111
den 110111 VT 0111 ΙΚΙ), (1111 111 11111 1111 3111111, 1111100111 0111 01111111·
1111111111110111 bey N'o 17 gerunden worden 1102000010 1101111 1011· 111111

, Leib 111181111111 0111 811111 11110111ἒ1,100000000000 111 11111 111 1111113 101

LV sS 10 110111 31111111 worden, 11111111 4130111, 10111111 1111100100000000.

« 11111 111 111 11131111 01111111 0111 11111111 110 Ηο11311011111111 101 111111 Bo·

11111 1111111111 11 111 311111 11113111111111, wie wir 11111110 haben 111111 1111110,

,, 10 11111 diss 11111111 1111 81111111111 11118. weil 1111 111 11111111 111 101011
3101111111111111, 11111111 101201000 1011111111111111111111140111.1111111111 1 .

was 1101111111 111 0111111111 6201111 ,1101111 13 111, 10 310111111111011181111111111

ζ LRS 1111 111111111110131311111 11111

¹ ’ 10. Vom 110100 1101101110111311111111111110111800111.
(111111 111116. Th. 11011111. 100.) ’

Was 11130111111111101111111111 bey No. 29. Wann der·Spalt durch
den 8111131111, wie 1111111 1111110110 311111111, 11101111 dem 111011
0111 01111011, 11 11111111 111111111 1111113 1111 bey No. 44. 11 311111111
11111 111Κ1311 111 1111111110 11111111 11111111, 10 1011, dass 111 11111
011 1111 11111 81111 11111111 1111111,10 1111010 wie 1111 111 1111101 111
No 44,1111,111111 1011 11 1101 1111111111,1111 bey den Κ13111 111111 111
3111111 111111, wie heyden 1011111,10111111 101 111 111111 ’11111 101 111
Η111131111111111 werde.

10. Vom 1113100000 001 810111, wama 1111111311 (1011111111 31111111 111.

Wann der 113111111110111111 111 111111181111111 recht 10131111111111101,
111 11111311 1111 111311111Κ1311, 10 1111111111111111 11111 1111011101 an
111111, 110111111111 111 111111 101111 11111111, 111111 10111111. 1)(111 10
1111011111 111 111111 0111 (11111111 1111 3111111 11 111 1111111111 0111111111,

4

 

