ιιι(1 801011 1011 dem 001111111111101100010118100. 085

11110101 81011, (10100 jeder einen 18111801 gihun 01001 (11001010 88011010, (1000
10111100 518 111 8.

1111101011 1010101111 (11010000 101 808000 (1101118101011111811001
0083010011, 0111111101] 010 quadrantal gegeben 110100 zu 96 81001 18011010
011108161110010110,(10100111001 010018οι0 01119861 (vnd also 1101
45 mehr) (110 0011101111 111 00 81, 0110 10110 (10181. 81011 1101101110 811101-
101011 8110011 (110 8111180100 1101181101. (11011010 gegeben 1011010 (1001,
(1000111100 01111 gar gend 81 ,’ 1001110 1101110 110110100101 ,81011 0001101
’ 110001 daun (1111 111 (111 18011ιο1 von 9816. 8111010101 10100110, dass

1110 88111801 00 (111 1110101101 drachma 0011001110811811801011010010 ,

gar 00000 00100100 110801, (1011 10101181 (deren 1181111011 111 seim 101011)
1111101 das (1101111311081011 000ι 110001 1111 10111008118810111110 111110οι0
801001000300100. 11110111010101011 01110101, (1011 (111, 10 00181100 10
(1110 11101110 000110010106Ρ100110111010, 101 10100 (101 1100111111, 10 (1001
(1101810110 (101 (1101111008011111, (10101001111001110 drachmas gehabt.
111111 010 111 10, dass (111 (1101111111 111 01011 0111111001 (01181110100000
1081011001 1100110000. ,1)οι0 11000 0010 8801101 857315 101 gewegen 518
(1101110001011118018 obolos 10001101001811101110011 1801111 1560896,
001 1101 mein 301056 ιιι 01010111 1000011100 0000000 10110 5598101 11081,
wir 10110 0101 1011100011100110,00101111 5760 vnd 1180. 81 111 0111
diser 8010101011 11180101111 00111, (1000 (110101010001101100 (1010 (11811111
101 1111010110, 010 (1118101110 0011011101, (10111 (111 111011, 0100 (1011 (111 (1101-
111111 01110 1010110 (111111 (1101100εο gosucht, (111101 1111000000, 1011110011
101101001ιοὶ0 (1110110 0110111111, 1810 1010111100 0101 111110110, dass 00

(111 Longe 1011110011 1101 111100 11111011 81011100 1111801101 001100. 8010000 .

(1000 (11010001, (110 (111, 0101111111 001111, 01111, 80 1001110 81 01110οι Punc-
100 0100001 0111010 11101 110181811880584 101 11181 0110 mit 101 haidau
0111010. 81011010 81110100010011101101100, 101 1010001 1011101101 01111001 “
was 00011 0111 0111111111ιο 11101100, 001001οι01 (111010100000801111111100,101
(11010011081. 0010110,0110011110101110100001010 01001110, 001101
31100100, 0110011 101 00111110· ,10010 101100 1101111101οι 1101100

01. 0011010011ωο1101000010001110001000001000000 ’
’ &mmmmm

1111101 810110110011018010110110 Amphora' 10 8 (1000101 101 11110
1110011101101110111011, daun 0000 110 1011118010110111611011,8000001001
(101 (111001011100 110010800010, 10 10111, (1010 (11101110 611011, ganta (101
(1110101 1010000100110011010 88000 00 001018101111 0011 0111 111111-
1101011181, 01010180501100, 101110 wir 0011111110 80111. 88011010(
1101ομ811111 1011010110011 110010 800011 gemacht 00110010 101111
101 1010110, 001 41 10111 111101101111111011 801055 (01141, 10010110
18588855, (1010001108011101088011011111888 10150111111001011811101-
pandus den 8110101100 8010110111. 811010, 010 0011111101 011111111111-
01101 101101 80001000181110100011 000ςί0 1010010οι 11011 Α118110110100
0001001111 noya. [10010101001001111001111111 (110 (10100100001110,
011 01 (1118101, 01011 0001311 (1000110100 (10118011 8101001, von (1018110101
801110 11110 (111001001οι 00111110,00101011108011011080111 (1111111 mit
11001 80111011, 0111101 (101 811011 0011 8000110010111101 4 01οι 5 8001100,
(101111 010 viora 01101 010 1108111 80111 11111011 worden.

00· ’

 

