550 055151515555551

. 7711 1151155 51155 155 551515 21515551 No. 60. 55155511 15151 115 2555 00
5511511 0,5 1111 OF 206155 1111115 1115155 011155551511111115165,55150825.17551151
15511 spreche: 055151 5, 825, vas 2061552 55 1151551 5,( 155551151255515551111151
0055111.115155551155111155515555111 51111115 2555 130 011 151 5116 1511 51115111
1155515145 11.5115 15 555111 11571515155511 halben 1151115151 5511155 21115115, 111
111425,1155151155011511511511 1555251511 13351511155155551123 15115115
vom 1151115115,15111 bulhon 1151151154,5,1511511 5155 115 11551105 51115111 21151151
111115 0,2,647 1555 5115 115 51111115 2555 1555 51515555 05111 1111110,7647,111115151
1111551551(οΗ2543 1155 11113 ,37 1115111ρί1551, 5151155 1155515555115 5115134 85111
findet 5155 auch 5555 dem 25151111 15125551555111155 Danu 55115 00 zu 0,,5 15115
0,,500 das 1111111 151145 55 11111511 5155 11 md 5111 315511. Such 10 55511 1517515111
151155151511511,156515515111101551511555 3661 1511151125151111 682, danaen
155 315511 151 75, 155 55115 15 3661, 55 511515 1511 1155111555ηῆ5 37361115165115111555
mit dem cubo 1511411, 151151 31325, 1111 55511511 115 5515151115 vom Facit 55, 151
151, 115511 111 115 51111115 01 111 115 555155 3736 multiplicia 5551 55 55155 1155151515
211151 1551 1115 2515555 1,) 51511551, 55 515151111340136 5151115111 3,4, wie 55511

8155 15, 1115 11555 1151151 011511 115 2551155115 5555 115. 53. 1511151 11551-
1111115 51155115. 63. 1555155565. 15555515, dn 51655511155111551 1151115555,
55555511 515 5555 ihren 155515155515511 25115155 111551 551.

14151 1115111 2511515551 wil 155 111 nun 551511 Ι11515111 enm kiirtzem
21555151515511, 1515551111 115 5555551115 01115555151111155 5151 1151555151 2511-
form m 151 18. 21551, weil 151 511151 2155555 115555 No 60. 5111 zu 155111
1511555555551, 1511555515555551151115155 1151 21515515, 151111 ersten
der 25555 CA 555511 1551 25151122 1115355555 10, im 51115111 wie 14
555511 15,11511111551115 17 555511 18, 5151115251051115551155551115151,
1511111 11155 11151155 55151155 111555, 15111 155 5111 515155. 05111111 11111 die 1
(1111151 1515 11521551 55155115 51155115551121515551115111 1 1155 55111, nem·
1155 00, 11515555 5555 151 115 2555 15550115251-1111 155 255555551511
26100. 25 551 5551 15 511552151555111 115 551515 111151 vader 15512555
082 511 15151 71515115 5515 551151 551155, 51122 55 551151 71515115.

77511 151111 1511 251511 22 gegeben 15111 18, 28, 34, 55151 55155 7151555 324 721,
11561511571511111515502 5151555555115551, 151551555111115511155152 322576.
715115 1555 115555 nach 151 60. Lehr 11111111 51111 511115105115111511500 1,1,1,
551555115111511151511111151555511 0115115111οῙ, 162, 332, 578, 15155155 555181,
196, 283, 1515111 1111 mit der 11555 1555 01151555515555 (1020 55555 6511551551
2551111 nach der 1155111, 5151 weil 1151255511 1115111 5555111551 1151111151, 55 515551
51111 155 dritten 7155, dame 111 1551151511 1151151155 OF, 115 65151 5155 mss 151
71511155 02, 115115 man 1111111511 1155 11151151 115 71511155 1511 151 2555 00, 115151
511551, 515151511511571511111502161, 331, 577. 11515555 151 115775115511263.
138, 24 02 0115 115551151711511555511111515 11155511 1511 00 1551155551, 5151
15111 nur 5151115515 115 555155 131155 00, 1 ,1511 155 1551 15511 dn ,1111111511 dnm
5555111, 5151111 1511 011555115511151 16317, 264, 32023, difien multiplicu mh 115. 60
15155 7515515155 1515 05511511 2251515111 55511 115, 12. 5515111511 5655813511 J
106 81 55 findet sich das 51555515 8111511 1511151 1111151206,222, 1155111511 35563,
2322, 26, 3420 33 Das 5111515 1115155111 2155111515 11511511 wir 1515511555 151 111155551-
den 63. Lehr 51155511 111611 1511 2555555512 200 1555151 2115111101. 7751111551
151 25511111 1115111, 55 51111555 115. 37, 1511 5111515 47155 ’1111 51155 151 71515115 151
02, 515 dem 5515511 dimetro 1515 2515115 zum 25511115, 115 555551 151 161, 331, 577
such nach No. 12 155 2511 551 51155555515525151120,155 1111115058, 122836,

. 1812,7,155 51511152551111155515525551555855511555,551111111511151515 dinem

8555111 1155111511 252,,3 6141830035.1115555515151111511511155 51155 115. 62 15
1511 sinum versum 51512555 001, 1, 1, 'was 11111151 155 dividit 511102 1515 511·
551 1151115151 5111251511 12 63 138, 243302 55 5155151 5155 11555155 01551551553576

 

