604 0001. 000-1010001001οὴ. 1011000000 0000010011101111011

Die 1101010000 00010000010000000101 00000 001Ζο1100 101 ’11010110 2
gewegen, 0001010001000 111001011ογ 11000000 010 0011031100 (1001001, 010
0100101100 0000001. Jedoeh 000 demit 100 0000 0100010οι 01000000. rondet- ,
1100 wegen 0010011110 10000001100001, 000 100 01011010, 111011 110001
011, 110 1100111100 1610100 301 1000011 00111000001001 0011000 [1010ςο
10000000, 0000 dnm Merzen gewegen 11 Ρ1000, 11011000 91 Pseud, das 1
1100001000110001001000 129 Psnnd, 0010000 00101, dans ein Schiddrey- 1
ling 00013οΕ100101110100 00 0000111 001, 010 42 1101100 ’11010 000110
1001000 110110.

Η101000 0010001 0110 010 8001010000000, dener 010 8011100011 0001001-
00010010100111011 0100000 kann, 000 ee 1011110111 00011010, Zillen 000 nosse ἵ
1111101000 000010 11000. 1100 100 0100 0110 1111 0011001 eingenomrnen, 110001

010010 naehsolgender'n 1110110. ¹

Π-Νι-Ηοσ-σ-υι--ι-ιι-ι-ι-ιι

“ 3001000001 1111111100Ι mamm! Ross
Ι · 1

ω--ῌ-η--ι-ν--α--ᾳ- —-·—-- ...ψ -.,,-

1110 1110110110 8. 9. 10. 11. 12. 13. 1, 5.
1100000110 11. 13. 15, 14. 17. 20. d. ’1.
Omninetetnnrrn 16. 17. 21. 22. 23. 8.
81000110 18. 20· 24. 21. 28. 32. 9. 10.
1110110 25, 28. 31. 33. 30. 12. 11. 12.
00010110 32. 36. 10- 13. 18. 53. 13. 15.

· ’000 nnn) 00. 00. 1001101. 110 100. 00. 00. 00.

· 1100010οη 0000 0000111011, 1100100 0100, nnn die 1110001 110110, daed 010
01001 01001100. Antenore, nur 000 Ηο110 1000001010 010 wenig 0011111 000100,
0001 00 0100 0000 11001, 0100010001ηο 00011 010001. 1)οε 000100 010 800111-
1001000110 0001, 000 00000 001 (101001001111000110 berner 000011000100
0000 0010000100. 8000100 001 00111010 1001010100080001110 10110001 Wes-
001, 01100 1010100 011010 00 0010 00000 010 0000 11011000, 0000 0010 jhn der
800001 trnege. Sol 0100, 01001 Rechnnng 0000, 010 11000111 800111 1011 lenter
Wnin gelnden, 01001001 0010100000.

Μ11 der· ’11010100100100 1111100010 (101001, 0000 00001 00011010 ’010000
10100101 00100000 worden 0000 00111010, 10100 0000 011010 000 00100001 ’11010
10001010000, 00001110οω01 dem 111111, 1101001000οη 000 11010110 11010 001,
10· 010001 schin oder Gesner 00100100000101, 0100 000010101100001 00110 ken,
11000 0001000 1100001 00110 ken, 00 01001101 010 1000011010110 11110100 00-
110000, 0000100 0000 010 genere 0001, 0000 000 1100001 110101 010 num 0000

118. (10101001 010οΒ000009 der 1110101100 000 andane 1000101100ῲο Sortem

1110 000 010000 No. 13. gemeddet worden, 0000 (1001001 0011 0010 0001
Reum 1011 einander gehen, 010 101 010 0010001100 000 1010010 00 10010100, 0001
0010000 001 000010010οΙ gelre, 0000 0100 00010110 0010000100111000 001
01001101 Zeug 0000011. Es 00100 0001 0100010110 000 endere 1111001ςο 0001
00011000, 00110 Zenge sehr rngleieh, 01001 0001011101 000 g'edigener 010 001

⁸) Schid'reehnnng: 800111 000 0100111011 werden von einer 0001000011οΜ 0110
Zubereittnng 0010100000, 01001 0001 000 einer beetimpten (110010.

 

