Register aller 11111111111111111111111111111111 11 111111
Buch 11111111

1111111 111111. 111. 1. 111 11111111111111 1111 1111111111. 11111111111111 m
1111 11111110111. 11111111111111. 9. 111111 1111 11111111 1111111111. 1. 111 111111Ιί1111
13111111 111111111111111. 1. von 111111111111 1111111 1111111111 111111 Sanan. 1. Dea
011111111111111111111111111111, 11111111 dom 111111 1111111111. 7. 11111 1111111111
1111111111. 11111111 11111111111111111. 9.1111111111,11111,11111111111,1)1111-
schneider 111111, 1111111111, item vom 011111 1111111 10. 1111111111 111 5111111111
Boltz 1111 111 111111111. 11. Erklirung 111 11111111111111111111 111111111111111 1².
1111111111 111 111111111111111811111 1111 11111111 11111111 ln 1111111111111. Item 111101.

, 111111111111111111111111111, 11111,, 21111 111 8111111111 111 0111111, 11 1111 111

11111 11121111 111111111. 19. Dm 111 sonan 11111111111111111111111, 11111 11111101·
vogen 11111111 11 11 111 11111111, 1111111 11 1111111111 11 1111 81111111111111111111
111. (1111111111 11111-111 011111111111111111111. 111. 111. 1111111111111111111111
01111111. 111111111111111111111011111111111111111111111111 1111111111. 1111111·
1111 1111111 1111111111 strichen 1111111111111111111111. 1111111111111 mum in
(1111111 111 1111 111 01111111. 11. vom 1111111101111111111 111111 01111111ὴηὶ11, 1111
11111111111111 1111111111 ’111111 11111111 111111 1111 111. 891 11111111 1111111111
01111111111111111111111. 1111111111 111111111111111. 11111111 1111111 1111111. 89; Pm-
1111111111111. 19. Vom 111111 1111111111111 1111111111. 10. 1111111111 1111111111
1111111111. 11. 19. Vom 1111111111111 1111111111. 2³. 11111 111 cylindro 1111
wallon. 11.11111111111118111111111111111. 11-18.11111111111111111111111111811111
111 Regula. 1111111111111 1111111. 8111121111 111181111111211111111111. 111111
11111111111111111111111111111111111111, 111 1111111 1111111111. 90. ordnung 11111111·
1111111 1111111111. 91.11111111111111111111111111111111111111111111111111. 111111
1111 1111111131 1111111 1111111 111111111111111 11111111, 111111111111111 111111 Fam·
Item 111. 117. 1111 111 1111111111811111 nach 11111 111111 1111111111. 83. 1111 Ay oder 11·
11111111 Κ11111, 31. Vom Η111111ο111. 1111111 1111111111111111111.11; Pmoun
conoides. 111111111111111111111111111. 8111111 Kugolmm 911111111111111111
¹³8. Mehr 1111111 111 111. 133. 111 1111111111 mun 11111 Rugolschnitzen. 1111 11111111
11111111 1111 111 Bruchrochnung 111. 117. 19. 1111 1111111111 1111111111111111111
81111111 1111111111. 10. 1111111111111111111111111111, 11111 111111 1111111. 11111121·
11111 (1111111111111111111111111111111111111111. 11. 42. 111 81111111. 111111111111
(111111111111111111. 111111 spalten 11115111111111 1111 1111111111, 11111 111 11111111
Wassorrechnung fol. 191. 11. 1111 1111111111 111811111 111 1111111. 10. 111 1111·
11111111 1111 halben 8111111, 111 111111111111111; 81111111. 8111111· 111 anochnuns·
11. 1111 1111111111 Walgerspffltnn. 11111111111111111. 1110. 11, ⁶2. Vom Regulum
111 811111. 11. 11, 11111111 1111 1111111 1111111 11111111. 11. 1111111111111, 111111*
11111111111. 111. 111111. 11. Von Ringon. 17. 11111 11111111111 Ring 1111111111 111·
111. 18.1111111111,0111111-1111111111111111111, 111111111011111111111111111111
11111111131111111111111111111 11111111111111. 60. 11111111111111111 111 Em, 111
117, 1111 111111111111111111111111111111111111111111111111111111111. 01. 11111111
111111. 62. 11111111, 3111111111 111111111111111111111111. 63. 111111111111 mit (1·
111111111111111 11111111, 111 111111 111 11111111 1111111111 111 1111111111. 01. 11101111·
Zwespen- 1111111111- 111 8111111111111, 11111111111111111111. 611111101111111111
1111 11111111111 1111111111111111. 18. ’11111111111111 111 1111111 1111 1111111111
11. 111111 Schultz von 11111 1111111111 zu 11111111. .

1111111111. 88. 111111111 11111 011111111111111111111111 111 11111111 Bw&
19. 11111 111Ζ1111 1111111 111111 111111, 11111111 1111 11111111 111 1101111111. 10. W
1111 1111111 111 111 1111111 1111111 1111111111 111, 1111111111 1111111111 m 1111111οω

 

