111 0111111111111111

Β1111 111-11111111 11111 1111111 1111 1111111111 1111 1111111111 1111111111 111211111- 1

,11111, 1111 1111 111 111111 11111 1111111111 11111117, 111 11111111 811111 111111 1
111 19, 1111 71111 111 343. 1111 161111 16 111 256, 1111 161111 111 1096, 111 1111111
313, 11111111111111 12 111111 1111 111 1111111111 111111 einen 1111111, 11 11111
111 grosse 111111 111 11111111 1111 12 1111111 111111.

Der 111111 1111, nnn die 1111 zahl 111 1111111 1111 11111 1111111111, 111 111111
1111 111111111111111 111111 1111111111, 111 111 111111 1111111111, 11 musa 1111111111 111
Wand 1111 1111111111 1111111 werden, 11111 11111 111 Ζ11101111111 111111 1111111111
in 111 11111 multiplicia, 1111 111 111111 1111111111 11111 werden, 111111 1111 1112111
11111111 11111111 sucht 111 in 11111 111111 multiplicirt. 11111111 mg 11 1111 in 111
111311 detti 111111111111.

1111111111. Ε11 0111111111 1111111111 1111111 111 11111111 111111 1111111111, 111
01111111 6 1111111, 111111 1111111111111 64 6111 Gelda, 111 111 1111111111 1111111
jhm 111 111111 111 12 1111111111, 1111111111 ‚innon 1111 1111111111, 111 1111111111
11111111 01 Gran Gold 1111111111, 111111 111 111 1111111 111111 211111 6 1111111111
1111 111 01111111 311111 nach 11111111111111 111111, 111 0111 1111 virt 1111 1111111
1111 11110111 oder 111111 1111 11111111 11111111 1111111 1111 111 11111111 111
61, 1111118, multiplicia 1111, 1111111512, 11111 1111111 durch 111111 6 1111111
1111 121 1111111111 1021 Gran, 1111111111 111111111, wie 11111111, 11111111 111
zahl 11111 vollen Figur, 1111111 11111111 wider 111 11111111 11111111. 8111111111 111
0111111111 von 1021, 111111 101111 111121 111111,-1111111111 1111111021, 1111
11111111111111 sich selber, 11 1111111 1111111 11111101 1111 1111 1111111111, so 111
Gru 0111111 gehen 1111111 111111 111 1211111111,1111ι1 11111 1111111 1111111 111111
1111111111, 1111 111111 111 1111 1111111 1111 1111111111 1111111,11’1 111 111111
11111111 1111 1111 111 11111111 Zeug. 1111 111111, 1111111111 1111111111ςά 111
1111111 1111111111111111 11111. 8111111 111111 111 1 1111111 111111111111111111111111 1

1111111111 12 1111 111111 111 1111111, 111111 1111 11111 (111111 1111 111 6111111
gehen, 11111 1111 11112

14. 711 111 Fanum· 11 eim 11111111. (Ausa 11111 ’11111111 11111)

Zuvor 1111 111 1111111111 1111 [1111111111 vnn 111 1111111111 11 111 1
Κ111111111111111111111171111111111 11111 gibt 111 11111111 1111 11111111 1
11111 von 1111 1111111111 111111111111 11111111111111, 1111 11111, 11111111 1111
11111111 1111111111 1111111111111111111 01111111,11111111111 muns durch
1111111111111111111.1111111111111111111111111111111111, 11 111111
1111 (11111111 11111118111111111,1111111111111111111111 0111111111 311111-
1111 1111 1111111111 1111 111161111111111 m 11111111 1111111 gleich-
111151111111111111111 11111111111211111113111111111111111, 111 11 es .
11111 111 111 8111111111 14,11 111111 dem 1111111 1111 11111111 1111111
11,11111111111. ·

1111111111111111111111111111111111111111,111111,111 11 Winckelr'echt 111

-11 11111111111111111.1111011111 1111 1111111 111 einen 111111 mma dmin, ,
dormit 1111111 1111111111 an 11111 1111 Ζ11111 1111 61111111 1111111111111 die 1111,
1111111 1111111 11 111 111 111 1111 1111111111111118111111 vbergelassen? 1111111111
vanu 111 111111 (111111 m 1111111111 Stuek Feldes 11111111111, 11111 1111111111
1111111 111111111111, 11 11111 111 11111111 1111 1111111111 111111 1111111 111111
1111111111 8111111111,1111111111111111111 1111 11111111 11111111 1111111111 1111

hulten 1311111111, als² 111 1111111 drey Stucke.

11111111Τ11111111,11111111111111111111,1111111111,111111111118111111
, Felder 111111 1111 (1111111 1111 111 111111111111111111111111111 111 111111111 oder
, Ρ11111111111,111111111111111111 11111 1111111111111111Ζ11111111111111111
gar 1111 alle Scherffe 1111111111 111111 111111 111111,111111111 111111111111111
11111111111111111111 111 111 subtile Thailun'g 1111 1111111111 111111 vom 1111111111

0

 

