140 mmmm

. 01101οΙ1 1111101 0111010101 1ογ 100000, 0100011010 1111101, 01101111 110, 00
000 OF 1111 jede 111111111101001010. 110 1001101111111100111110110
0011 011101011011101 010 0101 001 11110111. 100 010 00111111 1111101101
0111 11000111 KG 1110 1010 11000 10000 1010001 100 11011011 ist 01110 100000,
1110 10111 1001 1110 1011111111 000 10110 10101100 00111 010 11. 13. 11 1111
11111011 0011011101 0011101, 0110 vir 1101000 000110 11101 11010111 10011010

[11111011 10 1011 01111 8100100 000101101101110111001110111111001110 01111
Fet} dem 81011 nach 0011101101 101000 01111111 'm my 111011, 011 111 111011
1011110100 1101100 0001 001100011111100, 000 10001 101 0100111111, 11111001,
0001 8011011100 1101 010 1101100 0001 1111001 0111011010101, 1011001 11111-
111100 ΕΡΗΑ, 001011101011101. 1111101111 1100010 000101100101 011
11111 aises Cynndm 011, 0001011101 1111 ιω 1111101 101110 bam
1101010, 10 100110 1111111110 01101 010 111011. 1110 0111101 01110111
0111000010000110 1111 1110011111 0000 81011 (1110 10111 11008. 010 enm!
vmb 000 Αρο01), 00100 0110111 010101111011101001101110111, 0011110010
110000 100 1101101, 100 10 11001 111111 10110 0011 1111100101 EG 11111111
111, 01101001001110111011 001 21. 0001 41. 1111. Du 00001181101101 110
010110 1101 1101101001110110111110100, 00011 01100 0011 1011000 01000010 0111111
0000100100, 01100 0111101 1111110000 1101000101110 100 0011100011 100.
Die 111101 01011 001 19. 11111 0111111101. 0011111110 0110 1111101111 11100 8111011
von 001 0111101 110 010 010010011010 11011011 10111000, 00 110011 11011, 1111111
1111100 10 001 01111011 11010100111111000111001110110100100, 01011 001 01011-
1110100, 1110 andern Puneten 1110001110

zum Exempel, 1111111 01 nu 111 10, 010 1111011, a« 11011 ree

⁸05 0110111100 11001 110101, 01 111101 cI, 110110, 100 LO 9 1111111101 vul 00 1

13 010 1111101, 00 1111000111111111. 1111111011 1001011 1110 0111 0101110 01111011
100 diametrum 123, 101 1101. Zum 000110 00011000 0100 1111 1111123 0110111111
1101001 100000, 1010011 00 1101010 21911, 010 00 2139 1110110. 19, 0011111100 11
bey 0010 1001011010 1100011 110 Ζ111100 110111 100 0001111111 0101010110100
710 010. 1111011011 der 011001010111010110110001101111111 0011111111, ist 1111
worden 1001100100 1010 1011111111 028318, 10 virt 001 0111111101· 19 seim 1101111111
so 01011 Ι01100000, 97017; 100 0111011111, 11011 010 0111101 00000 01010001 1010 1110
010 110100οε0 von 010 0110111111, 100 011011111111010100 111 311011. (010 0110
mamb, 0111 man dem diameter 01001010111111100 101110 0100100), 00 00110 10111101
001· 12. Lehr 000 1101100123 0011011. 1100111011 11129, 100 010 10111 m, 19, 00
-11011, 11011011 301, 1001011100 11010011100110111010010 0111 0111111100, 1491111821.
11111 011110, 10 111110 101 11111111 0100010011, 00011101 1111111ρί1111 ich 1111 11111
EG, 1011 0010111, 10 010 Η101 01, 010 110100000100111101113902,10 101101
329000000000003 00101011 100111 111 000 101111111111101110111111000111 0111101·
11111001 010, 716 110, in den 1011111111 am Boden EG, 97051,1101101011811101
10 001 0111101 6910100000000. 11011101 1101011011 11111 0101101000110000111001100,
00011 001 59. hebr, 11010110 110. 1011 110011 811111 001 0111101. Auso 0011101011
01111011350000000000, 100 mit 1111011110 0010 (11100010 329011. 0000101111 010 G
1100011110ουηο 40210000000000- ’ = , “
11111111 11110 wir mit einum 01011001 000 01011 1111 111 1101 1101101
001001, 1001111111111111010 010 1010111 1111 zu 001 1101101001100101·
010001. 111 0110 001 011110 Ρ100011 111 100 101 1111110111 0110 0111111011 1101·
00ος 011001111101110110110110011 11110001001111, 10 1111011101 001 010111
Ρ100111, durch 111010100100001101110010111, 1000110011 000 1111 Augu·
1101101, 011111 1010 1110, 1110111 1111011 001101 0010. 01110] dm 0100 my
810110 1000101001 01111101, 0011 010 01000110, 11011100 11010011 0111 11
10011000, nicht 0100 1110101001 1110 im 1011001 00111100 1101001 110101, 0110

 

