mmmm 561

7001966, 6102, 6776. Dis· 6666611, 161 666 11616666 &uei 666 066161 700,
ΗΔΕ, 6661166 11186, 6204, 766. 66166 66166 616616 66666666, 66 661661 616 666166
066161 69649, 23866, 649646. ,

26 6616 walger 66166666 FH 666 67. 66666 616 6111666611 666661 616 716666
666 dem 1116616166 1Ἣ, 6661166324, 784, 1166, 616 6611166616 meh No. 21. 16 0ss
6666611, 6616116616 GF, 2658, 3116, 4804, 66 661611 6166 6166666616 1166166 822312,
310464, 6563424, 6666 6616666 6666 176. 24. 66612 66166666 661661 6661761661
64574, mesas, 466166. Nun 6616666166 7761666 666 066161· 66666666, 66 er·
mget 6166 66611166 6666 6661616 rasaline 7453,89‚ 26761608, 4711276. 77666
666 6166 1166666 61661 6611 Ι61601666666666666 6666661, ’6666666 666 66616661 vlo ¹
666666611666661616666666176. 52, 66 6161166 616 666 72016, 2616164, 4625216
666 6166 6616 666 30, 44, 5216611 66661661. · ’

6666 nach der Η61616666 6666166666 666 6666666 77616666 66161666 666 Η611
666 616116661- 666 6116 andere 1166666666 66676661666616 6166 72164, 261872,
46292. Hieram 6666 666666666, 6666 616661161616666, 616 bey 61116666 7761661616·
rem 16 1166666161, 61661661666666 6666. · ’

us oum 116 mmm, mmm-ma 1666166 spem nm
¹ -· ’6666 . = ,
(2666161666. 1676617. p. ⁶⁰⁶.) ’

Allo 61666 7166666 ((6666 6666661661) · ’Ψ-
finden 6166 66 666 71166666. ,7766611666 66-’
66166161,6666 66 106 6166 11666666 6666, 66’ Ῑ
6666 616666616666666616 6611616166 71666
66666, 616 66 61666666. 34. 36.. 40. 6661 c
66666661666666, 6666 wana 661666 666666-

661, 66 166616 6666 66661666 6666 6166 =
1616616166 7166166 6666666. 116166 6666 6166
6661166 6666616. , Ι

161 66616 0116661666666, 66661166 66 661 V

Βο666 ΒΕ “ (6616661 6661666611· 6616 616 66-

66666116 1166666666 16611666 6616166666 6666- 0

den 16666) 6666 6666 666666 oder 16111666 Ι
’76611 eines 66166666 06611616 661166, 66 666666 1
6116617640. 666 6666116 666 6616661166 Ku- ι’

661 (6666616666 66666 666 Βο666 ΕΒ 6666

EA 6666666 16661) 666 6611161166 616 zahl

661666 1166616 mit 666 2661Ι einer 116166, 616

616666 11161666 161 6666 616 Η666 ΕΑ. 161 Α

66 616 0166666666666 durch NB 66666616-

666, 66666 66 616 66666166 016616166666 ist,-

6ο 666666 auus No. 37. 38. 666 1166616666116,

6616 auch No. 63.. 666661, 666 multiplicir , .
661666 11616 16616 6611166 11666 ΝΑ. 161

66 616 26666666- 6666 6666666666666, 6166- a
1166 6ο 6161161181 (66666116666166666) 6666 ,κ’
6666 [6666161666 76611, oder 6661161 6166 D
66166666 01666616 66166, 6ο 666666 6666 Noi 40.. 1
666 8666116 der 66166666 [16661666 616111- ¹
611616 661666 6616 16 6161161, 616166666161

 

